"postmean","postvar","postess"
0.0640506815188226,0.000173290150813466,421.940974023462
-0.120947643065425,0.000136555210169886,631.995871037449
-0.0982874420569154,0.00136153174526775,244.123863378228
0.0603554593968474,0.000996378571086742,262.383834874959
0.161968354706996,0.000210959477823431,524.683228840836
-0.14062557009782,0.000247038654973289,654.499338759386
-0.14771334466104,0.000273811475243679,278.968610421454
-0.0492239529969681,0.000178724491667297,578.057311393662
0.0147554007137429,0.000122374308979453,474.402585722324
0.0412112662998363,0.000986485682087647,327.697084529688
0.0411379442709265,0.000106564545047292,519.29474454665
0.0528659638685758,0.000632912467647487,232.154455578509
-0.370211713587317,0.00251720996933721,171.634819613344
0.0393502863310432,0.000156302529213242,542.240290952546
0.0224841670857676,9.54415737887199e-05,686.809850016469
-0.0743788687499219,0.000181791728226861,534.472728806346
0.0569454716968451,0.000322374964745121,559.441428667796
0.192054470801917,0.000133087913796957,563.316277905801
0.199329514753592,0.000280295020045242,506.312659768423
0.151559525245301,0.00021224114469256,480.855002176978
-0.113070032775884,0.000532130128977758,598.085731345284
-0.0623761655009978,0.000165834472487776,459.074675974989
-0.0447423643431608,0.000423770313603283,184.320962131421
0.255343881138706,0.000978467861624761,491.183571834442
-0.0342102100512461,0.000222545089959321,374.275403640135
0.0837776138147272,7.42176150528044e-05,615.348949386623
0.106004141416149,0.000610147366554042,362.31052620536
0.0453549217544418,0.00039566251933993,282.524630906496
-0.0173753989551215,0.000204869003590029,570.061297436081
-0.16577403308554,0.000277652921427679,286.476936546632
-0.118776149612275,0.000564398615997768,448.780181981505
0.352229210172924,0.000862426329231729,222.626389979878
0.065645168424848,0.000183708518890429,524.108457496854
0.00631849334938481,8.59102634727684e-05,517.878998068727
0.069380784528478,0.000155555710925507,548.827113209039
-0.0773489906455407,0.000397902441013243,278.801258197986
0.160272542940955,0.000423940602782492,591.24523791769
0.313751055857928,0.000134989271588399,1161.11579932811
-0.046765998674202,0.000433168105721879,301.857130186238
-0.11247080927424,0.000736654702931,254.4452969849
-0.123562539750392,0.000316126191782289,266.135271378431
0.0518347407868257,9.97461127892936e-05,532.082017338872
0.0528940687614069,0.000255620196387872,949.625190062073
0.0117114148743478,0.000221654683456124,499.592503039907
0.280358075056984,0.000149133466542637,645.627548694188
0.271163660548552,0.000190888232268672,329.494258547619
0.11191879321481,0.00019441369015675,791.66345916174
0.000224077014462214,0.000253515377414712,344.353578751844
0.0664965761760364,0.000133720252776124,553.800434050822
-0.0552908959782205,0.00022517169513536,485.115156207093
0.00690600988379675,0.000138460489522071,680.073896283115
0.194486831354474,0.00127740707975562,428.630518733031
0.345501924073977,0.00043334839989799,394.297564982169
0.516589191820932,0.000656137181231009,599.725759461484
0.298146205723825,0.000116294374252852,655.651182504353
0.052967804185382,6.73420891610673e-05,873.943642902041
0.357672997391421,0.000327089963976112,279.319571951652
0.00426220306844197,0.000523341245637,187.724128200961
0.147290161600716,0.000121951750892969,392.947978461194
-0.0499548006858548,0.000242161524540746,845.053406715952
0.297257007920836,0.000924709601983772,776.575574451909
0.00046004718022443,0.000593321224927357,276.034254174062
0.146167758850902,0.000202559993077154,616.527078552618
0.240594844541789,8.14475433686589e-05,636.954461697804
-0.0899449005798283,0.000131416661354016,569.830665217082
-0.0212678773378521,0.000197649873806002,349.478112779419
0.0799769035861707,0.000289136159991092,370.267188320918
-0.0992804910615961,0.000670202232525261,264.335578134122
0.000745664793674224,0.000608817253571786,339.918529648528
0.0766707417718438,0.000206886237673365,364.069025514721
0.221383525136015,0.000254674512365461,351.28865812299
0.0737526196426407,0.00127959414895682,257.853509547778
0.113649846575613,0.000178252022863821,544.665881497028
0.11425099605636,0.000633889499797531,589.096645438113
0.0953817397545208,9.99422929877053e-05,593.676265481427
0.0365694695367042,0.000140901973755749,299.39436393882
0.0758242389872139,0.000217571948494352,318.545788403816
-0.0206357618313595,0.000598513239001192,371.844806261276
0.244312182264641,0.000219774671735451,572.727438692932
0.121151685861936,0.000165981332122157,385.771391260991
0.10720374238955,0.000257027740652227,272.974967995126
0.0542229762120335,0.000144749456581492,487.564705111165
-0.00649690988084888,0.000498127181360185,244.191215620155
-0.0589811941519451,0.00020449813201156,528.844054605233
0.0242417584366643,0.00154208607121624,393.447478957932
0.0942146077281352,0.000437033303929595,430.74932666911
0.0749161818281026,0.000231016115953692,254.696223550978
-0.0375477552189212,0.000798569819522605,155.085663095455
-0.0484761927149442,0.00012252251158956,867.332774425374
-0.00133412044890461,5.60543871234359e-05,850.183807449868
-0.0956349013601207,5.97502555501048e-05,778.982320129931
-0.105236120688328,0.000239906141171843,654.425339329027
-0.022241962929856,0.000415912562397744,275.579806257801
0.1003383531513,0.000433638938571257,360.126605982849
-0.0397194705829361,0.000268417149879308,512.794362684951
-0.180293704759993,0.000504151293950235,469.614576033252
0.593803970689377,0.000561431970364638,322.966606873467
0.0121964981137555,0.000158871584962354,418.474283833748
0.31457507072681,0.000142895363620508,483.37926396183
0.481054412055533,0.000235927738355144,568.667780551881
-0.0719028979128531,0.000399824008691282,224.838173000143
0.0498328427587401,0.000339543610970466,203.053536812402
-0.093337515615525,0.000213636746062168,298.470400114376
0.23765784256882,0.000384696176212842,227.096706428304
0.185945704121589,9.45176865893698e-05,608.326147915342
0.0277040347370742,0.000239631523918461,567.812010390138
-0.0543010929452024,0.000288691306894367,373.006346063
0.116189438246899,0.000131190578505191,743.935181315905
0.207962321510523,0.000135607406913851,598.241153925203
0.48929375733502,0.000216813269511912,606.053703980298
-0.170608698711776,0.000305234306105372,344.376811701601
0.145147520200839,5.16932314671159e-05,1000.62138195607
0.143402157999208,0.00048091593509805,555.884023616757
0.0682793220296378,0.00015325711559886,583.603384524764
0.101343512830059,0.000195180125360681,252.199165369189
0.117369514499001,0.000278572678273125,420.034496624677
0.429932915743545,0.000401004804199198,244.218615610807
-0.0772105780118125,0.000152309981583187,655.296160810969
0.0605209991721039,0.000145244584979434,528.890592071628
-0.0155020035417233,0.000497048381024985,234.783862886427
0.0432634665696294,0.000367513500060597,233.953694995526
-0.03381222149857,0.000168630219376891,540.76849997513
-0.0595067035426046,0.00010489095379546,501.610812467185
-0.161376157569965,0.000701115047459156,87.4681401348913
0.0154389774568257,0.000215926667708332,400.068741600802
0.25657664000244,0.000269791423581747,352.196382393662
0.127784855190534,0.000330924582926941,382.613192066467
-0.0310006190993647,5.92521575823225e-05,871.642362500662
-0.0342178278631918,0.000574176919953091,409.543060086373
0.0135944212315303,6.93372441786968e-05,589.769743955714
0.0776312173653759,0.000510234630373881,282.6418003689
0.0504545679543736,0.000211798072511472,466.200604622115
0.258685890116131,0.000609186491223015,662.542195905881
-0.14686344253792,0.000578308364324452,238.788718234513
0.145580926780348,0.000934363695399454,402.496443221105
-0.066602957336232,0.000197544184763584,778.350335497739
-0.144925218343912,0.000150046397050822,618.541650899682
-0.021729786389942,5.86810058409332e-05,964.611975090121
-0.100574665527548,0.000253780288037215,437.234666583095
-0.119178636839142,0.000190444819972321,528.234409625575
0.0508474591102267,0.000244436594680515,467.056930291675
0.334893543761687,8.8591907919914e-05,851.12588641576
0.29000378392628,0.00125865686982667,339.662871031728
0.211239417906053,0.000918360459342219,473.541722933562
0.251170387185732,0.000544310481316238,528.098343948391
0.329613520140906,0.00130988983625451,460.95424403975
0.230203852088456,0.000137604250924332,855.54046262856
-0.233452866297708,0.000379895597426029,302.153841218868
0.360898713206654,0.000326866087423979,549.377975327582
0.883196677929717,0.00194517978275723,329.343961633156
-0.0668403324721131,0.000251131950580722,356.062013040567
-0.0427317846075462,0.000248826400901559,276.265123125986
0.0686907824758316,0.000135274415527916,489.743360779552
0.0797136624838145,0.000400213672221605,343.475458695553
-0.0121363785599571,0.000125485161664649,440.088502473792
0.0709009621321261,0.000138329966616108,783.741765708872
-0.0692753756590831,0.000293461444476614,348.548733596285
0.0470207252973935,0.00022556673590625,700.509520938679
0.32700613006032,0.00036041860499994,409.976909844573
0.0168727795994791,8.91966986773113e-05,594.088264935537
-0.0528035201598483,6.877882108633e-05,729.898239544338
0.0569788440281752,0.000179036152609177,353.591551197592
-0.0153760295947693,0.000204176122749624,279.14412484305
0.0307778805821844,0.00020765256492874,464.079655008384
0.463905801010928,0.000487406239694487,400.219242506589
0.310650340422067,0.000536467048339752,446.356566581252
0.125615309955797,0.000401781223325377,420.5916413149
0.117946368630274,0.000156382215146745,720.764044717992
0.070631450376666,7.93655539209669e-05,501.062844993822
-0.450498036183569,0.00687867235175952,75.3517402671529
0.0615831985454227,0.000436732487375115,261.983279978183
0.277565669473852,0.00035386749858466,700.871885769943
-0.0339714310266378,0.000207709092400029,336.909310882591
0.0554771406305943,0.000325651838730464,686.319975255806
-0.0166031892193029,0.000450827745406872,444.111550264892
0.0503702495357254,0.000153589743868181,429.037983814843
0.065310195397953,0.000307045495248129,256.778862383254
-0.113442941719309,0.000225436568527189,392.800171660985
0.0524364944394917,0.000225803840687475,437.340431091734
0.15985341351402,0.000147428386932642,563.103436708456
-0.0853345161576989,0.000185887952103382,294.209971133717
0.16781759366501,0.000341737287263476,858.220011486554
0.00363338170002559,8.1804897259434e-05,817.530534350346
-0.0834241576582416,0.00032967884897809,336.374249164049
0.118623471941044,0.000156996371948603,669.852502611041
-0.135822993414501,0.000432532358325608,161.731684107243
0.12145192090901,0.000314966573824258,352.508356687241
0.0652155681427803,0.000242672987075295,397.449197312198
-0.0912048775337071,0.000151224864842148,443.379803152489
0.0414790907157547,5.01212588331166e-05,685.531016490331
-0.00874976086074513,5.76059784907531e-05,681.544368334138
0.0710583569889551,0.000266491670904646,221.141626270042
0.0469680746884071,7.75986345465314e-05,680.866992388983
0.0894654783591568,0.000385063699371704,398.136408795483
-0.026144090845384,0.000629517680140262,431.715178297443
0.0337746931826613,0.000192520271830542,653.283765526283
0.284823243111791,0.00198982249289653,310.061201078635
-0.0201754112984476,0.000101213070318105,547.25917158143
0.0310647830503314,0.00032382064973739,454.511202753771
0.101356928185107,0.000164202310007408,535.904083890931
-0.0716351066995404,0.000670512756024015,309.22264360152
-0.0874986742088169,0.000225890916945282,449.634830997168
-0.0292886484763742,0.000162139813190176,508.947550464943
-0.063187083015225,0.000422777765421397,280.845396100506
0.077479768215088,8.02729477279092e-05,814.764630487614
-0.064126507322493,0.000138298390256674,327.658521933826
0.214368415131834,0.00651420611093017,315.59605605967
0.465527292265121,0.000165242310918272,612.140904322478
0.124254160343017,0.000991918320674362,434.103660687955
0.27144316176547,0.000290281736711988,726.367242554219
-0.163022447775793,0.000664292885887248,567.882579564319
-0.0284076375835549,0.000159276373236414,599.727648627301
-0.154093828214583,0.00073396172988008,321.246799549393
0.123574204633725,0.000629617734745945,272.872947298473
-0.206316595785067,0.00051187617257542,238.383071266323
0.06229334338196,0.000580870245857871,532.076349021784
0.0114642284188724,0.000293087705058345,381.60643629371
0.214200857365632,0.0046518798894963,351.764854007604
0.123663476761162,0.000681428494037282,275.422347319533
-0.00836445516758843,0.000111364490419441,711.781133723438
0.0978307646765156,0.000119022780306917,697.983258668379
0.0309563188128684,9.99889023353228e-05,676.576110578706
-0.116791329630747,0.000183624918113144,359.052633641722
0.276280340350233,0.000886490842549781,436.910136320081
-0.0172555809521687,0.000200669695230979,754.527025410417
-0.00805708658411642,0.000192097596954098,344.449304691298
0.117081401369574,0.000241517535784037,394.467720497489
-0.0258034977334178,0.00034594692770401,367.81414894902
0.0410484584374839,0.000359491363367681,587.337088097841
0.253747448033504,0.000268216524523618,448.179602618414
0.218017522339757,0.000334513361700447,387.220690836199
0.368316204298013,0.00046436513590468,344.921829300986
0.0786132093493253,0.000715330112663917,273.180084671063
0.171046381914839,0.000133272566006253,612.515441325903
0.0740559162617278,0.000117492468642695,680.953345859074
-0.0346945938021688,0.000169500740389673,762.469747295577
-0.0145730817315105,7.72893818601359e-05,586.233928722898
0.149166577484228,7.52250190948081e-05,735.086951301259
0.157982144605582,0.00040042577967641,707.927358677438
0.00968901568470375,9.66285298994262e-05,512.622707157937
-0.160541893950158,0.000379813363662821,242.352511851657
0.0565156172226078,0.00020313066421927,243.205977817933
0.209060377511859,0.000816704647551813,327.347546275167
0.144297883285135,0.000112299692102963,492.70294687522
-0.016258325347033,0.000175776344489844,589.471813258445
-0.0757643059671943,0.000296404365768676,421.54439704816
-0.118207619021573,9.99266543233469e-05,658.199575750459
0.26571659841489,8.52264468945736e-05,806.047837767491
0.0587137699945348,0.00350312244416645,603.436183659679
0.290777107840467,0.000341109769863109,393.03999494562
0.145776971659575,0.000312240338032609,570.816515877948
0.0817108201215926,0.000354394355377073,655.576677786789
0.24328991153712,0.000256374616324948,278.468983089897
-0.0143695456050003,0.000299695141227403,410.504324198453
0.114091184215268,0.000162072429810421,332.324531363591
-0.166299777568691,0.000588391699103554,199.474041867384
0.0591747153674081,0.000303527587626035,485.758323261243
0.0220181120629013,0.000324876133409037,420.641258943417
-0.0350082734853926,0.000279881401073245,586.014121176676
0.0643010292462932,0.000130468299806176,455.87708095844
0.136166093493862,0.000205976459257735,691.581786808148
0.0434132406076451,0.000310750478435496,595.364705424387
0.100274358146536,0.000315506821158442,332.308676246476
-0.0709228857930527,0.00031331616672111,328.719530319944
-0.239414441110824,0.000151681193645322,657.813299769561
0.0710136770992179,0.000547824051280985,583.430184471838
0.114309454813817,0.000668561148032355,201.292674216801
-0.0982597387085124,0.000238766362923649,274.50560916098
0.0843303682432166,0.000631392569348489,203.562795343854
-0.0453359892968898,0.000809371435653296,230.602588841964
0.0769009205817004,0.000349834324503868,243.559720354762
-0.188205402774828,0.000116480309844888,551.820420327499
0.0322219037481353,0.000331407638083177,392.932558543668
0.202857292824661,0.000200484607376438,352.287001922551
-0.106949365137805,0.000149151263250945,384.521771115511
-0.00158639119778691,0.000677334634415677,132.91680556028
-0.0164332199028906,0.000187923530508379,453.962478023427
-0.00336081370771277,3.8282501359449e-05,1043.80204266045
-0.305273513220368,0.000489548832367729,356.184830407036
0.0577848463161132,0.000613443852084862,569.920161468973
-0.273475818029228,0.00015497983444207,402.498801091414
0.275509524276474,0.000129818812984063,467.459919006496
0.135728514179112,0.000162789832957498,374.38153490671
0.00740633829480423,0.000115771130077702,407.334188019722
0.100223684792881,0.000431166038584543,359.983363718365
0.0313100306964382,0.000305793535198262,370.906635663184
-0.153885598010971,0.000659414888580516,255.123660339251
0.226073239903433,0.000212785114375238,793.094831709834
-0.0584917592886461,0.00041171881684262,836.99117460413
0.0322038912210817,0.000239217791700343,468.56479377777
0.0883042619050382,8.30866835262096e-05,554.124230231828
0.0947195639389618,7.40173458062464e-05,738.436469644205
0.313380927026846,0.000269839699719741,838.433500015064
0.102603680649587,0.000132034656205533,614.643838539086
-0.125891752594728,0.0019045505305943,278.032365141813
0.0619289578297811,0.00011422192514035,446.838912503621
0.316859858669097,0.000298720898530164,433.283949727224
0.148365746470722,0.000149806948508439,524.388457749321
-0.150028480854836,0.000756583132097219,329.782056702066
0.0481360087509624,0.000657814446070017,307.211661236793
-0.129841929783235,0.000218609238667043,329.623326402689
-0.0598764214684378,0.000720419543965613,177.669822920923
0.164747675033808,0.000115671083295197,542.17049710561
0.516633245456629,0.000122141478972175,564.586611120903
-0.114516822425629,0.000159013927799348,460.53540064149
0.175736537299449,0.000246197889232514,656.176737271526
0.291614649771663,0.000295631115075756,494.232524136614
0.376894637334148,0.000135718087117697,399.509581044907
0.0685341061929252,0.000290402169996022,528.194719096342
-0.088470913200286,0.000598107828297666,257.597432848098
0.0311066706540244,9.94847777234907e-05,631.515157433305
0.403478884500044,0.001403865616961,174.138100054295
0.225054544911864,0.000300016099117986,303.830659307729
0.0658808301604765,0.000316670043385667,355.084502687038
0.0501434251248133,0.00135481641265315,384.913808615481
-0.117842433333268,0.000273520779836823,647.471649380613
0.0441283497934843,0.000215711234013021,378.18880445299
0.176751167633201,6.78131223877115e-05,712.912340044472
-0.0675006134112341,0.000931330270042145,250.246955158961
0.0568029300190283,0.00013698465337996,462.523221225325
0.609532171338631,0.00157904241901197,108.351183213967
-0.0447905374425006,0.000219920849592477,483.279152321099
0.00350441458015038,0.000770311888967588,372.122355653367
-0.177763443847357,0.000669296451571005,198.238204555751
-0.0511894263392287,0.000176803148376489,578.472814896901
-0.151904036337794,0.000149892122952292,323.235753612883
0.114117661148133,0.000122063790814313,617.854292421224
-0.60657477086406,0.00184171256149352,137.143574012901
0.0483166060482526,0.000342349833837491,449.284639574815
-0.151231258449449,0.000102464373923413,603.820256043393
0.114517504899234,0.00026559519280836,420.780361397969
-0.0341509734871821,0.000157618646088946,397.448043044065
0.235724729996424,6.83874821355721e-05,1193.98271652213
0.0623753365267582,0.000288429876848947,492.548801911252
0.0639782129770295,0.000220715852667403,244.0586782289
0.158537516101703,0.000586070218497702,307.673230062114
0.040104753385419,0.000187110139839399,478.541210819874
-0.166501576992797,0.000426261227977986,356.164211116836
-0.432616543012311,0.00299973460618265,107.895501238604
-0.0246880742023751,0.000307499834326967,298.940079383401
-0.0327996698710378,0.000846801758837001,558.202120063502
-0.0141282014041574,0.000618377780508473,211.065015321916
0.206486979563431,0.000142264916119288,428.531281130845
0.242741930908055,6.67866544032483e-05,674.86222830746
0.0041661575980954,0.000161812358595024,248.447487484834
-0.109919288527311,0.000123108099374112,490.62787310601
0.00667827207165847,0.000244799416545741,362.60987011776
-0.0603478343425346,0.000820826354154197,353.477674094852
0.175323586430755,0.000665402082522524,525.995965886359
0.400861062218592,0.000173603420812672,386.747603054073
-0.0247135968699765,0.000173880558578594,831.324246985883
0.0942738962944924,0.00038843011019728,182.691868475373
0.0101532624952661,0.000190985274905729,513.482152271387
-0.0611835115500367,0.00016857783302183,361.001233929218
-0.0554927558039908,0.000137294074273943,456.034346666604
0.459071507634115,0.000346138692036776,672.785639787801
-0.0266836662610685,0.00175776815999927,569.289825048036
-0.074784474809104,0.000144638038461491,431.542069503015
0.0346385379976449,7.36207314443135e-05,1147.02645033373
-0.152163199211243,0.000642342614725798,355.924083231684
0.0454197860039282,0.000250326789215623,259.636127372527
0.158991812192196,0.000283265620500853,456.485888188722
0.35161388895729,0.00202228301516758,389.026778107138
0.000323441975491865,0.00013381877357614,628.754565208011
0.190834543914258,0.000158389504380909,416.286128248157
0.255861779646517,0.00028896984603778,991.402101476139
-0.054158633071702,0.000394685464715642,256.245851603293
-0.0236967223191252,0.000139026258221197,510.814853518714
-0.156887087878121,0.000804351304498729,257.061386981924
0.258516700500879,0.000117337254094726,458.86206516055
0.360833025686922,8.13996562078241e-05,576.364867864087
0.203523111850227,0.000188974305450461,231.533998020525
0.131120539322308,0.000387593747375751,243.232903027225
0.00257110955416716,0.000607818043022782,305.396753022373
0.320686325343751,0.000110982455285995,694.977128740891
-0.0493145951780231,0.000127335933638352,694.641910101345
0.463124903944266,0.000801544103318764,324.783873273856
-0.0165594740725023,0.000211024353031114,645.739414146476
-0.0182938529682736,0.000924804925397987,555.493962670483
0.323612013670559,0.00026456958285203,483.069478351873
0.134438058637134,0.000128664905720124,404.620085564164
0.161843733759325,0.000215709273828856,389.989953963975
-0.0459604893449655,0.000140328629532006,512.299297056472
-0.0496955887608644,4.07690300252314e-05,856.152967705021
0.402797568683599,0.000190853462325112,887.722950126688
0.0838016426600791,0.000143885757818143,732.497314334837
0.055778128928324,0.000406805676132344,565.116991414464
0.18450078377579,0.00014697089886382,386.420738984844
0.196896120442786,0.000204320980859099,389.858434083313
-0.100435244384758,0.000108013122821438,817.547248400554
0.12923104375544,0.000224627587269694,717.133885659323
0.022444677834348,0.000137401357531195,771.838265180508
0.107891897150255,0.000260678027979931,345.640343728972
0.0099741649481498,0.000183641808036975,623.461386949634
0.168772517070037,0.000441665651568628,383.22576591424
-0.0147748857533574,0.000371869622829316,302.123323623038
0.120147408310134,0.000165150951569133,504.152963629172
-0.12353088423336,0.000688808959314373,249.973541470819
-0.0854096240103177,7.74943941897987e-05,585.846099812403
0.187758586414856,0.000100702828417432,581.99081080396
0.188100768516301,0.000186631514485787,438.529748088324
0.0284888457766191,0.000190629365299916,430.002023157808
0.232180935830531,0.000126853576347789,1158.07511862927
0.0683366070936979,0.00026762851080912,455.533851665631
0.0207009754755156,0.000708304871752595,432.756658103408
0.0413885432345626,0.000232793134245671,500.336011025665
0.0404264176915226,0.00023837262857672,332.600226781249
0.170050276315737,0.000493779923131001,215.418505309019
-0.0626817499635967,0.000763263477468909,265.93270768653
0.0354961498585538,0.000189805955235463,611.512787851142
0.0423160265352185,0.00019407157160018,391.993294929621
-0.126304078322483,0.00313974047695268,222.683723143096
0.0468553989412738,0.000359677838515322,179.783080334571
-0.0646877667249805,0.000156477963596177,468.639363738721
0.360652746505605,0.000298634137945909,248.10973279849
-0.13714757444348,0.000146805019400864,468.566837281994
0.0541185844850868,9.33667218719191e-05,553.677255125985
0.218589032059557,0.000135043354840391,713.382227833113
0.103975558680224,0.000306452210643803,506.098218074933
0.022072189186461,6.74489225245381e-05,846.284333243307
0.0664618541831207,0.000441631882287133,288.297166827238
-0.23388437632273,0.00211539404065505,100.87756135873
-0.128936983466054,0.000323910991347942,263.385789335547
0.389728144774594,0.00104721945598369,515.867566768736
0.232943555686729,0.000172494168772002,449.629776606693
0.23291584408136,0.000556501186618521,393.958050059318
0.0300736156467052,0.000154080563636558,424.000015277361
0.0721205153864675,0.000451671105475383,564.913636825155
0.0768226336276108,0.000158094601010547,486.10225660635
0.206539555104589,0.000341809337737598,423.634673653772
0.0980872654634787,0.000255969658101657,325.839121875863
-0.0201603769435613,0.000404133826909162,329.691653940358
0.396004569040545,0.000299328966162918,314.826554438551
0.162499766884022,0.000849656232369107,500.554526072642
0.0601474814495347,0.000138254292075332,550.254921983335
-0.0997476756428877,0.000194974342372956,492.06707263778
0.357786505033582,0.000414160964464123,426.854021745691
0.138009125654949,0.00012175260768169,638.603511251858
0.0386712658734436,0.000255086946688239,386.558244399524
0.142342399318039,0.000195674510173748,671.851403761583
-0.151762669809585,0.000424694997151796,458.781540645721
-0.0383635061811012,0.00021249551107219,253.42721309508
0.268339721749708,0.000620249133151211,340.783508218307
-0.0808250584398819,0.000823355505702046,402.594535813669
0.0583070857628279,0.000207223430347799,373.552204340137
-0.0208345552260237,0.000558798150876066,352.664091229535
0.107624236174531,0.000233431416559972,217.140048111571
-0.093241216776909,0.000452460416050239,324.973198500704
0.155140414266741,0.000206165802578641,722.722261558498
0.060915846109146,7.55708046672731e-05,864.510198906333
0.196084200164047,0.00119839128055628,202.705737780489
0.436378293640281,0.000284114871484963,405.6127238745
-0.203753638200664,0.000828607205270863,332.29121567319
-0.0276116338512556,0.000319900796969294,261.508986748204
0.034948831991336,0.000546826120494708,412.4280339098
-0.11305620749306,0.000119620352012701,680.438904528755
0.139924515684563,0.00042461757969747,321.919852035531
0.171751273908277,0.000443967989878127,437.339037764384
-0.13238833601801,0.000208733628746122,599.221811537046
0.148735102511344,0.00029013788714353,366.726205118391
0.289323291921118,0.000191231153065301,366.886371550234
-0.133658698256823,0.000365048880554157,308.793115999145
-0.0329947760592973,0.000243692251761416,460.414304279552
-0.0521738176435364,0.00012392083546749,522.874206388029
0.0999917937821412,0.000214305899473934,393.388643527317
0.13599404921496,0.000124996755291922,694.432973676283
-0.0896344429820089,0.0009083024999369,151.297115098859
-0.141797540692926,0.000172471755536774,409.44586167229
-0.00329666316322854,0.000280474679044773,249.677332029205
-0.0529539491735908,0.000189703553078563,431.660393499955
0.0197722643677914,0.000498676078993043,453.621757703554
0.111977708897339,0.000234207362305195,619.1804578654
0.19980080107401,0.00241852873382623,517.767941625013
-0.126708633713285,0.000163247623575454,349.753494851897
0.174867753815033,0.000496116000412164,369.554064079142
0.17759312526902,0.000201158264155361,698.103588415246
0.0861628846725055,0.000154010448000938,761.023835518178
0.0845877824751616,0.000127665224085931,825.335852009304
0.12950183350749,7.43693940722683e-05,1115.75624030129
0.405558873849477,7.71615099613318e-05,727.950927375739
0.0697558232855385,0.000497667580134841,246.613753306912
0.13874092462723,0.000107936280863148,662.928009763647
0.115755174442651,6.97867133812555e-05,984.34095132415
0.219468684700783,0.000103611386137145,605.725909857389
0.161552756720827,0.000131900828751278,456.810988090217
-0.000915443389280598,0.000775192570091701,376.52323830468
0.137486542064294,0.000111278871705115,616.550888785945
0.309083960843724,0.00016299142460651,639.398092616406
0.0350982107820039,0.000245399311321269,272.349419594841
0.00645816573507086,0.000309981998625969,870.964716146101
-0.0121364832787647,0.000126574216786941,684.866287431787
-0.33881247010742,0.00250034619679308,96.1266261804997
0.0188375610588832,0.000204802084982549,516.671486675239
-0.1119126045357,0.00335443045795132,460.460616139381
-0.0548198158899226,0.00283845629964468,294.292515101955
-0.0402754688277382,9.00329193218386e-05,826.02266846599
0.184463343219742,0.000525237471265453,536.943496901962
-0.256850816209318,0.000407599651106629,424.469537446698
0.167837631554402,0.000840476389328838,389.194049235711
0.0283082701572391,9.71981187979782e-05,724.945510316507
-0.113459890025547,0.000313683607690187,436.664250335973
0.163649034313384,0.000138132055531555,788.182373754313
-0.0424935058128169,0.000373388979955385,357.624186718194
-0.0734120049389573,0.000147751716620863,341.966059962403
0.0207708694466986,8.51542666508302e-05,756.542351750747
-0.120994967837997,0.00039128390635958,489.437750814323
-0.151128625375444,0.000382741633107285,463.165473534735
0.048937368832099,0.00195568943982466,351.847775189927
0.177895724654146,0.000162309948238913,466.009303168824
-0.169686024149263,0.00020322260282473,401.053939034067
0.199906539088585,0.000329122681101522,808.496037087061
0.235506653096012,0.000485049650579263,588.195446889392
0.103096034681821,0.00035005548838428,587.280546767776
-0.0689038602597079,0.000135883057662971,394.937920593971
0.0185662213378496,0.000719189983134322,434.309405395043
0.874699104747414,0.00227195206257773,344.329187882511
0.121843639336632,0.000181352105309023,701.922902439733
0.111958715191344,0.000273995071251337,521.83098566382
0.0633533236752077,0.000408729514111951,487.68726821293
0.0599799567851658,0.000178001423374086,323.159999123396
0.0512903992835151,0.000204597355944988,268.724347388839
-0.0240247495770274,0.000411134074224868,290.275480176237
0.0291304098791484,0.000420351800540885,253.443225518856
0.00823709252401226,0.00028316906134103,294.742919515321
0.0628940276579457,0.000197298724971661,532.263285737559
0.0874438488672749,0.000343241897233719,212.005347121204
0.00182039129674892,0.000203284775075581,442.23832663709
0.199628510778817,0.00192316067002808,443.0358863027
-0.129146865251925,0.000129676834061075,599.8637933081
-0.0150721015667787,0.000727776978985698,124.27815909263
0.163360216631942,0.000232221218047892,722.899417634025
0.334398567154847,0.000365576666353932,771.522972636766
-0.00742532419447261,0.000247265603226525,328.799927575646
0.128656124805851,0.000490153667322749,435.660575993233
-0.0229118922508197,5.20529528133114e-05,818.423331202993
-0.0248213870694678,0.000296241876463401,249.530500288417
0.239260380050349,0.000309767461867434,197.010591879986
0.0294748258384139,9.21698582515804e-05,738.87541309813
0.142386908849577,0.000430251169426957,499.571534136957
-0.107098122382509,0.000276841104447984,363.100767880978
-0.132106302455347,0.000571519218479063,394.457302418574
0.0891994590629891,0.000134599724899947,369.93676819886
0.325582596186135,0.000767169425308683,560.549792272886
0.150639302941755,0.000479579321326171,380.087105532065
0.0350346857991781,0.000309864644953874,529.725397856671
-0.0276434852196997,0.000319676877600413,254.096535594703
-0.0431149527286408,0.000228374889859092,236.432452269804
-0.0945216931483679,0.000193007852396537,592.197895585071
0.109305988223089,0.000388803147925441,246.895993922425
0.139074582783524,8.69854801985956e-05,605.639227247829
-0.241504075313283,0.00051164596693316,294.190648570337
0.00220063140282021,0.000171064820746801,442.758995438751
-0.0681770763899199,0.000516838029805904,489.008641051871
-0.0276309777831077,0.000142150551403044,554.184691364765
-0.0318199932531461,0.000298331253329637,540.411235981378
-0.107094727358426,0.000338873309192127,510.342887205945
0.145988875915382,0.000445375738863814,256.817882301566
0.274099337969097,8.78273532429948e-05,1058.69923024283
-0.16964386999168,0.000320732166673012,430.81679442487
-0.0727218639498469,0.000106292970146531,708.115259264796
0.157660341175068,0.000305045742419555,453.786617324032
0.180302409169642,0.00018203378476174,374.617480820079
0.0128587687701575,9.9621361333874e-05,739.307134972975
0.0487545072836396,0.00164074945640311,189.620823763778
0.168343576259447,0.0010047559879569,393.891132812019
-0.161624676877242,0.0001090235927762,1112.82111772697
0.0706696379700765,0.00018543254969482,376.69657268561
0.0491375518854011,0.00127985239775355,398.725757723226
0.016898044472466,0.000148093546058091,412.912901083431
-0.124401777763777,0.000423715060726112,384.34751383319
0.0936394390973463,0.000193062991655215,612.092216695211
0.16945247685101,0.00084595835807874,606.972503859187
-0.263984463231191,0.00140230344099747,217.36983986595
-0.184268311018788,0.0009772568470641,421.230601742169
0.100534465848866,0.0001290535451593,577.450270562664
0.101898024024685,0.000196746404419794,824.27883641349
0.211055506080053,0.000373946755489427,425.29812759892
8.60713860632669e-06,0.000341994364069878,232.56656779246
-0.0280225335175129,0.000682395021170059,498.231295896616
-0.218161010983697,0.000176118548822689,399.77585350713
0.125808077311559,0.00013370561272335,495.850463808667
0.000958788587656395,0.000289517785683151,307.152016387062
0.504593442706712,0.000311964074049937,618.604004878104
-0.189516355338833,0.000173739067131937,543.403284671507
0.121862953294654,0.000474277876851257,560.574288020957
-0.0269860076708949,0.000293852500870088,609.561162285621
0.00321664027042572,0.000113089898012096,568.662491104625
0.224094978790399,0.000238677223832065,255.829604065748
0.0184389216457196,0.000125814101767535,810.466356568908
0.300102663072181,0.000240588413255349,407.845199254346
0.171108930931366,0.000760423667197133,412.161183535126
0.142031468409537,0.000163010972160063,546.91413847527
0.17509423832246,6.48615631860517e-05,865.738431358695
0.0652662872994853,0.000873010416751525,440.484842513337
-0.0868339465004267,0.000167686450971469,340.773562790905
0.0973317083355683,0.000193490044310661,274.791202416853
0.157518608060233,0.00149872712650398,353.844052638705
0.333462568386715,0.000300833294814594,848.765159936109
-0.0263035876070212,0.000430709178947632,344.224041991391
0.151371777022836,0.000139516249778433,821.927596203241
0.114422781946865,0.000564858988237234,374.90693198433
0.164891918829544,0.000123256222667499,604.211575537944
0.158429974006477,0.000177131857812124,391.137601624954
0.125794231966031,0.000119542748101297,538.496325476603
0.331948415845924,0.000192511344168114,293.734855017946
-0.222433285773824,0.000915162734938435,610.681710179418
0.0120454797998711,0.000211677425411557,498.237352805593
-0.130470149966901,0.0015472924270418,198.114142412228
-0.00165476193890955,0.000340343499824574,361.391045714457
-0.077248271925374,9.23329117555358e-05,511.363973967687
-0.0498505743786263,7.81587255644351e-05,835.261294858537
0.0300181091545434,0.000186934022624844,945.338147311346
-0.050814102906964,0.000279700761062769,222.197224572484
0.346241412620164,0.000149060274641734,493.126715982595
0.167392365133499,0.000136986516514286,542.242466061934
0.0650314775794002,0.00017995469171336,385.775150060774
0.124453513243066,0.000169371213834722,980.825429304079
0.010402612684967,0.00054146484169799,241.104653128086
-0.00995606926888608,0.000143328677844733,379.239170449405
-0.184718142168565,0.000598426704949802,442.794880219197
0.222830932056728,0.000360506419852563,401.056671954322
-0.127539803540194,0.00109573705783137,279.419249440984
-0.226229274971842,0.000254260158824894,328.756811915953
0.0148339919854916,0.000201747310316075,654.205306485851
-0.0425207552484013,8.54676201008189e-05,812.77667501335
0.0418592148948654,0.000128073868126362,628.82259844494
-0.243203726526138,0.000882020567688013,167.784036173432
0.0345528944292504,0.00026368114123292,407.764820340872
0.172386798560397,0.000122291757413948,542.616869418897
-0.00747671490050927,0.000343361475999256,313.804036128312
-0.0402795260359733,0.000319940902822035,273.706000737258
-0.114622025449397,0.000453450366685514,258.598142568692
0.213829622428904,0.000234883685820671,293.296993434935
0.0294300185816111,0.000480211480593275,960.148761082782
0.660016274900418,0.000482292433759723,574.815150777151
-0.0615874022088159,0.000601930420664129,299.957656085375
-0.0905950813905454,0.0002530621958186,626.13850151853
0.0223500909334295,0.000185939041717976,532.779131177629
0.25081348718079,0.000267587838763309,306.953106428924
-0.0211074756512602,0.000319360832601605,431.34415067832
0.22832254947281,0.000307620710096753,331.414405994437
0.1775176325976,0.000491956723356677,466.347471662307
-0.0197380576574456,0.000371509948515388,773.800197211808
0.331966576075741,0.0022057726149797,248.365340733201
-0.0207246468414052,0.000295211084829558,522.61033204987
-0.0202007370129714,0.000162253011229913,494.978138094988
0.0219575652107939,0.000238826999920584,283.664827506821
0.139620823252017,0.000185475209600417,483.574502315655
0.127007851466544,0.000109795595049926,535.113710472455
0.112010830983203,0.000655154607952034,303.251236860228
-0.114209467725782,0.000534459372141947,152.492205749809
0.230674337746409,0.00131414072599508,489.38537305477
0.147606603204915,0.000412466197711334,247.21170791029
-0.169851310540818,0.000214921913376693,431.048755050991
0.0830475687082498,9.10394641093244e-05,597.844940112009
0.174031245071943,0.000155381493342993,429.990544165491
-0.0483181068668051,0.000320019546785227,276.883285974363
0.24216377105097,0.000163053629149286,587.281406154834
-0.0169630044151852,0.000138253589801109,661.305248356455
-0.028341308656165,0.000108938764903135,660.17159638686
0.158631705765101,0.000581944794272462,226.577597099357
-0.0597306400332001,0.000166469692087435,353.824224947125
0.0599612337073901,0.000227327883210773,602.176497263437
0.0853921341646898,0.000103369060140903,670.423438635107
0.126992575312464,0.000170573173246083,416.450825282519
0.0583637336987058,0.0027128151526585,208.567832444716
-0.164628032441489,0.000429420211340371,337.075118259108
-0.0826673191999798,0.000200057544093284,544.311684702684
-0.113325586876474,0.00240418404714964,100.755074793041
-0.0884959682716315,0.000100916023498403,567.677808701695
-0.0106473018537377,0.000131661848928271,559.057739126647
0.104482087442159,0.000233677278803261,538.023198707257
0.276673168099079,0.000378797625302618,439.829524613153
-0.104175613694144,0.000950976835949043,134.938449962774
0.00116104884498337,0.000425834225653698,198.225597524029
0.0600863534820077,0.00262595899713138,285.720559314149
0.029585843272819,0.000369554686612635,395.328090477373
0.198969454209315,0.000270778540538107,895.725101147295
0.255063944705748,0.00033236169799622,439.433846056491
0.0925181619707777,0.000104432862752931,679.590239664815
0.0976440581878229,0.000814892300561976,723.215317085398
0.285163191284134,0.000673051772433099,181.415946307199
0.0968340604339026,0.000275303091876209,326.288218348047
0.0613628023488331,0.000200742581210397,581.693083586738
-0.017372470142047,0.000220526610383924,298.776252795102
0.0871626874705479,0.000528272060463354,642.42916743784
0.178624136723518,0.000198519317859026,683.487701360135
0.28014147065479,0.000344851828116788,409.792163335183
-0.0706033394920567,0.000166967394028175,299.084904275998
0.0621287979019706,9.67047874297796e-05,495.803801706958
0.197851199749806,0.000117070426833549,368.437234616462
-0.015225686598586,0.000230856321931272,426.894035420663
0.132768510872882,0.00131859439502894,337.527038559923
0.0180027823674656,0.000140626862986452,454.898261682109
0.243093853784355,0.000224044973614639,709.090231797478
0.173800690595656,0.000331116955821845,555.016027117554
-0.0392056588214947,0.000104753964225954,369.090179086005
-0.18308732659041,0.000273746105536331,486.355871700363
0.284545648555044,0.000286897545226487,506.974104778134
0.0258859574581623,0.000103668351944934,594.660263779692
0.00897439815897463,0.0001197085370789,447.233494479443
-0.0297833004200419,0.000856764232481532,338.472093525116
-0.277005636462543,0.0009997428579111,199.521931872352
-0.0403016886937234,0.000314959471765096,370.835194413449
0.102776358265062,0.000189570241407191,614.654008956348
-0.0572435405524617,0.000895870356792667,398.462757249692
0.564262699727823,0.00052229073729919,264.760081013444
0.0574419563514402,0.000195723072480219,255.269196213008
-0.0435399639357773,0.000178020680075797,598.030339719173
-0.00813169385577394,4.17162882323477e-05,1179.08186347205
-0.0551931742029774,0.000316645697209959,213.414575280533
0.227496622303276,0.000233570352381871,311.571326835395
-0.153446398162712,0.000287065500537661,292.78118989112
0.0584760221183259,0.000105844700295764,597.011365939689
-0.165120913150693,0.000895833419838635,145.678481223502
0.0623009687905893,0.000536702118226264,264.240664542084
0.103079028872863,8.37475769094956e-05,572.735802881512
0.0657253843135407,0.000461763798355038,333.750968586643
-0.0622968069422154,0.000334406961744488,264.198103198751
0.0754269486049632,0.000178758438281725,831.678385704083
0.0675634305759504,0.000116199052211512,408.026015621868
-0.0904370701270386,0.000368197596091753,332.23145138851
0.0498420905459952,0.000216805378124728,583.83843949831
-0.117446992265655,0.000599767414077852,234.214502627482
0.0967763864772268,0.000217457642997415,292.876485563499
-0.00309829610575436,0.000215501555354192,563.234591455252
0.113561019779318,6.64481901104731e-05,704.670760419943
0.216243831423163,0.000326330864708828,298.136264190849
-0.0402886290859018,0.000340288019730663,362.521234379141
0.38337778246564,9.54861897158692e-05,700.652047541072
0.0994424652021097,8.87754076830444e-05,714.72291604044
-0.0776855130472404,0.000260042800175087,525.020411494093
0.224451323561717,0.000481447672103356,570.594406683739
-0.0372012069845253,0.000411257553100148,682.757970777165
-0.185915527174249,0.00061940091562057,332.143394235131
-0.0422212970769602,0.000187417197599842,602.928180561915
-0.0267325129030682,0.00103369560359716,204.140080983018
0.624711283237881,0.00111207140587237,355.997064487484
0.00172757394201091,0.000187033746061763,395.863200417635
0.0933409928367696,3.59591799677176e-05,1285.28657994423
-0.18519015312487,0.000962527175951769,162.901677092516
-0.135170983532204,0.000270482742505036,383.714144600008
0.0372534375117748,0.000245825414903743,404.389333528113
-0.0098414828172899,0.000268664439508378,1130.34570819524
-0.18640988471777,0.000778341986436096,225.57991949605
-0.0794972393333309,0.000238868305440541,279.070328891284
0.161619681754236,0.00024256680837363,310.313646372464
-0.0183111769623511,0.000188747845300662,414.568427642368
0.0863263964817606,0.000218389886841567,647.907266211666
0.1489705011586,0.00179117060585395,194.41413793365
-0.0717443501963469,0.00164994700471471,144.118802123472
-0.073986795826781,0.000273104891947122,790.658457960726
0.300294869952302,0.000930328084513364,323.036760353614
0.0485936275483242,5.54353281428764e-05,1014.9110826519
0.027570146011788,0.000289249078281215,550.42332072282
-0.0119782486819712,0.000594134446332777,331.086761664848
-0.0883178192568231,0.000284923185407732,473.920236601909
0.236126393326532,0.000283867806887095,256.127173605038
0.000958296522941501,0.000169099127792829,398.975095371229
-0.051180096415107,0.000200912789929235,467.553526204487
0.0297280315131112,0.00018466141906599,653.403087543586
-0.0309149719049253,0.000633973822331493,443.384716396409
-0.0607197441134337,0.000232811068463043,424.058557523755
-0.0305732916653963,0.000419777618795996,385.58375228786
-0.131454502710257,0.000393623913232664,542.989998268391
0.0749590304789902,4.27331905354172e-05,952.331593444083
0.0295341843347413,0.00186407665446443,132.24429552929
0.207993224913905,0.000188817467882621,722.383231912329
0.174707703730262,0.000168881085058466,486.116684871693
-5.3856839764278e-06,0.000174112824803502,296.04418042688
0.107679592734311,0.000245973349391575,411.812248098368
0.113945403566947,9.73549076979452e-05,353.177642314356
0.104671053809749,0.000269702453528226,375.178595100822
0.148524437856722,0.00017844305437791,543.76183646547
0.0247894016768804,0.0001088866076777,609.658883475534
0.118415556111766,0.000303517315929806,238.642597219025
0.0542606183919972,0.000454150545457624,229.43515944539
0.165665170945859,0.00103910627079386,200.133010461215
0.085659809039321,6.99267085481456e-05,682.517044735797
0.319788801717932,0.00026684738155939,613.912617414511
-0.0274656694431163,0.000103899663865184,567.978930098833
0.0569738247655096,0.000254951217274521,288.971740459981
0.0654646009074905,0.000731276320199852,174.947365067819
0.155888994530878,0.000172352092967998,378.09157222649
0.20294086707052,0.000265739188708131,370.623126414294
-0.098735696122012,0.000298168066410581,414.472197589567
0.138893185129702,6.49589246936731e-05,813.18591347809
-0.227074305851258,0.00104291312394953,130.364702673763
0.736313955617475,0.000907817519150223,214.430857258384
0.155104953969171,0.000341134812809086,352.155325292149
-0.112390358704975,0.000607013300628531,507.395776801695
-0.212965921889561,0.000795297470050184,228.630589168465
0.0763260011726761,0.000331476256488611,379.332750074207
0.124216498841234,0.000252701472169901,555.430797137948
0.0510839266267031,0.000128681341038027,672.506830479173
-0.120471350699731,0.00117518168775002,215.469485631489
0.351122010852453,0.000438553168462846,549.058431766564
0.381819381435961,0.000623706800221758,506.079055953212
-0.0355309358091336,0.000389720612971608,351.420940011896
-0.17838851860255,0.000348428763565577,282.140586806041
0.0904628804141193,0.00017916136904672,476.153531105889
0.0134353726356743,0.00048283974970448,462.693636221159
-0.0516100888753665,0.00064875930530927,245.93116168456
-0.0831916096620464,0.000390729820110636,442.628830927815
0.0982189177871562,7.88044687479536e-05,642.762551573586
0.163279339431153,0.00057956327974822,404.486207036348
0.192988343876975,0.000996730259748267,290.696275137076
-0.0074243950554372,0.000148825450608839,406.650082468901
0.0545572486212781,0.000231660664610112,323.608563246419
-0.055980112914723,7.4186743157145e-05,839.965535153422
0.472894860457752,0.000476705973710697,404.489493350356
-0.0159794531276137,0.00013535071827019,767.01791896418
0.113965646888701,0.00044213110752091,491.411404744721
0.065353086027465,0.00024097280857919,272.327306874666
0.0403756145139942,0.000333845106740349,711.061529458457
-0.0372567990332206,0.000136683347954959,476.867614557183
-0.200980230562936,0.00053814120032186,332.365724984879
0.031190182057097,0.000144007774503019,424.045988655019
-0.235932633501966,0.000234799161658486,545.445480095421
0.243547639904803,0.000985435271925454,244.554501613309
-0.147317330773732,0.000398287764962081,210.168567272587
0.0461950675542214,7.04066986615793e-05,1025.11871878358
-0.151313390960254,0.00023841341720585,434.630278077434
0.177376411797219,0.000751628463701832,253.197358267832
0.102546783439247,0.000119822271014671,1065.91690060055
-0.0750404159391131,0.000360157541254662,338.185755193747
-0.174341926464177,0.00104301914630841,155.362117256122
-0.172517054497543,0.000254828731491482,610.700675354911
0.22153345645448,0.000538998256403854,378.925262606026
0.182442816598292,0.000391452323070046,407.610714061397
0.0970814641862465,0.000102488995778975,603.478685520894
-0.134885453083186,0.000134275789681419,700.959501841669
-0.0249982735085214,0.000341417763787539,357.548282242937
-0.0059599244918555,0.000103365257632203,758.740963266773
0.119488238196994,0.000117960347111023,770.808862310489
0.181284237093912,0.000115632881293706,409.838084093465
0.251426799629755,0.000382817416881881,489.056322617423
0.0121715323510634,0.000381900675882302,351.599649842694
-0.0557857594707847,0.000337174758355972,349.885325728523
0.113419365844295,9.95282710485616e-05,770.754590010633
-0.175355626616469,9.22999065267673e-05,618.176077213197
0.0755491896044973,0.000285304210638619,474.290129882542
0.0550067974477495,0.000284271331212553,525.029827584711
-0.0737892266417597,0.000146819144031083,493.816153419513
0.0919203543703598,0.000139301749691796,532.371987080636
0.0412538277276413,0.000283899704407753,348.258604732028
0.45333359212964,6.63660128055104e-05,1033.89051188311
0.150874855918352,0.000390525366994572,392.731408211789
0.0259808263943075,0.000884121361864854,401.577636257149
0.0643403358573128,0.000235035596879546,927.111212446337
-0.368426091867123,0.00505567212875272,148.71968655251
-0.0352258620719857,0.000415948695202654,430.985603823661
0.241998391701086,9.89142455674906e-05,544.964499371641
0.064453239069461,0.000154651548796198,630.38565617689
0.214666877661954,0.000239675968395097,806.637441863465
0.0096713290283728,5.83370731438377e-05,736.917416651455
0.132144062843645,6.41645101816612e-05,594.549726311714
0.0268213246644176,0.00032572732581864,581.331999840423
-0.00391253361071012,5.87207313570735e-05,871.869678482347
-0.144529794631066,0.000534319036894235,345.466176140404
0.021066390600801,0.000277934234761127,500.852529821999
0.272593543964736,0.00171135336910406,216.122426046602
-0.00911816130976742,0.00015933273149595,460.811411524198
0.207785199268934,0.000255390097213982,397.248886158433
0.0488359817532849,0.000206073109165781,382.205355901275
0.144688134860658,0.000380760509833332,323.58820779138
-0.119113917126781,0.000371947386361238,451.65430649477
0.0375451033072922,0.00019863722425078,597.216154359404
0.0850605301856721,0.000189531278066163,653.375374223105
-0.120993918671669,0.000243341789448327,611.428916138754
-0.0639443068055118,0.000687032100668754,272.212073405753
0.133866960628976,0.000337616450791003,280.733205999509
-0.0379265835306342,0.00025071672769262,395.444587683905
0.00725085077110765,0.000245812386572789,491.963005131598
0.0610854714842836,0.000117191079279421,827.611661954894
0.27829577998799,0.000299911681600839,405.973397765554
0.0434717780810297,0.000158111889773351,458.560591382166
0.222645349921028,0.000132596721761136,671.01109175711
0.0627314898384643,0.00083247850506496,253.212515433242
-0.0240991849805368,0.000215070601181447,306.551310448475
0.161360322598252,0.000442201428327058,381.536098108785
0.209388502896161,0.00086814647232706,408.70665028242
0.155836751759562,0.000308745194382633,426.419994553843
0.039107054834803,0.000852143634796887,404.471585322556
-0.0649256511025634,0.00115995377992225,244.388724552399
-0.049811373009888,0.000692910888143586,233.075235607888
-0.186348253638774,0.000985670266072606,296.028006338079
0.121185298954106,0.000387380503598074,299.507119887125
-0.180143279399367,0.000571700781022677,169.729763725724
0.045015211595451,0.000187709609137118,495.46780451054
-0.0299906946685474,0.000180340206135877,486.108578034308
0.237334131327597,0.000101306220837508,629.493699166997
0.129056097355034,0.000829618174537621,502.682014194511
-0.368079076396602,0.000460331951021955,401.342754365903
-0.150442661458931,0.000279947371115198,342.412673905612
0.0830164343625986,0.000481040126355094,297.343323318783
0.117733158421195,0.00415640877985466,353.478970553717
0.00551553713356214,0.000152757172529719,375.267314136475
0.110926134641903,0.000199052095161638,598.212024060394
0.0992959912162524,9.52443654781333e-05,664.622573933326
0.41389931193893,0.000846282819828045,556.538554453345
-0.0354304491899803,0.000482293882517288,336.849505604621
0.0995897201714749,0.00033673250528565,280.210758912301
0.333448142059512,0.000364504348038613,297.826792419527
0.241250890065392,0.000490417151115161,550.831751703916
-0.107988015038708,0.000968631638145848,243.188946110148
-0.0948211313812184,0.000183566821632547,305.722550720536
0.137337703396492,0.000397173669664054,560.279720475676
0.287114973506825,0.000410078894945592,250.804892708085
0.0498581475028361,0.000113112875646161,473.368458918514
0.252260102963527,0.000385644961512236,362.005261443876
0.00802101898766181,0.000188113667086874,680.165755116803
0.0427146672455264,7.23354537109284e-05,988.763256071041
0.0969818475654452,0.000354552785484862,634.199222047693
0.112523199778046,0.000355712271880271,344.003387571195
-0.116155486775997,0.000213472700155138,418.980957811324
0.101442010601695,0.000173010091630945,644.410215929773
-0.017565782325206,0.000107765939795621,452.449169951607
0.617428240036269,0.00652846461480957,149.487036893229
0.0877434060997118,0.000447081767085134,653.921419333786
0.136160239924465,0.000348118850611055,471.922439510883
0.0288217840367085,0.000138325187622927,612.926361594628
0.162186034185698,0.000238565981829003,656.090320310907
-0.0869775675604865,0.000542630534402959,313.493312731955
0.16489063319076,0.000139961115492905,874.163359635846
-0.00416500799806997,0.000496491607748305,489.310216279508
-0.379902346650733,0.0447713310857803,72.8887468262592
-0.108377931447298,0.000328680371634842,594.454457811709
-0.0489710866744039,0.000577904780962942,334.224135399834
0.17864436089145,0.000356568229380981,499.873911031123
-0.0124627844676635,0.000126502387453127,616.023986085381
0.0807159981673368,0.000210895853575338,717.09093617495
0.21291119142956,0.000399797161409104,314.524960524437
-0.0504953412528182,0.000312351873591949,332.560030233463
0.483174948591901,0.000973886305132022,253.476185493421
0.0569068245324719,0.000464271969020561,431.155547492569
0.00767454392262062,0.000170498189973842,421.583319545116
0.0495188659992485,0.00035409332314789,273.361385571898
-0.0980918803473819,0.000190526999176263,719.054181268407
-0.000481711759959266,0.000220451600654915,636.586676118712
0.271211238790581,0.000228624740000241,542.948248545726
-0.0162527285641532,6.50223010273996e-05,525.493900423131
0.143273889212637,0.000121800764984824,474.148706503857
-0.0823021669986859,7.9057586832015e-05,586.27771162014
0.0475630324955252,8.41721855226638e-05,829.427209701039
-0.258309460372583,0.000643850716147786,271.565217922315
0.139967062080465,0.000213202087805127,402.632905817091
-0.363568579342321,0.00117556994814657,176.409505238568
0.012150446290058,0.0003167340778763,578.837322736171
0.0546705808573104,6.90011218717847e-05,739.394292216869
0.0490953235841205,0.000528441290558538,697.348226462699
0.163092156185195,0.00011039807209342,537.124009333917
0.0135365051121045,0.000242528583324352,349.931045808657
-0.144440523340744,0.000628734345347777,343.463873850968
0.254619293414588,7.77016852775819e-05,533.766107050634
0.0678335727752269,7.70468666788025e-05,585.860810084967
-0.0290610047022248,2.73701484300138e-05,996.70763153694
0.242171783612406,0.000395951634620477,399.204931560999
-0.600878922607949,0.00251174127993109,63.5291662380648
-0.0591284669964342,9.23758569218064e-05,790.566765734003
0.0319730693808474,0.0100926545018615,451.302248048115
0.0500450826498463,0.000317762785012516,309.570790591249
0.00761090496052715,0.000253288121570087,258.781274514569
0.193432926854484,9.17712888243254e-05,855.699896698061
0.147511796573135,0.000338514701405169,257.901037562595
-0.0267024967699533,0.000132549183095174,470.88858835518
0.295748044141034,0.000100347503196608,581.483558304342
0.0111973557658513,0.000207288237551043,460.63208704804
0.174934364610658,0.00226010728743594,282.625976896872
-0.0756062562719167,0.000448031691277653,210.079336665045
0.125063032189508,0.000607905605020606,580.212123459812
-0.141342961271234,0.000216437043710933,332.267997621221
-0.193522004265289,0.000423028059446391,444.677564819428
0.0209429296405919,0.000141218167390609,664.225001601059
0.290073073442067,0.000129903050885846,566.317869954662
-0.0387751761477063,0.00035955137936282,166.586542491208
0.0256305751731293,0.00021286874186263,400.748333802176
0.143551070662455,0.000108919187703107,714.547739063098
0.0503393534697679,0.000188945612565481,374.608027196764
0.00520961709043158,0.000104599278627125,695.44239168178
0.178620502657921,0.000328721260293697,186.290173939517
0.0779887387550878,0.000297871321677206,261.771927748193
0.149779119460343,0.000135080333047551,638.456443564987
0.125867347933098,0.000151651367374408,599.754262571907
0.0201555656610472,0.000348458010943036,410.248431752489
0.163581650464543,0.000682099620350232,343.928722480848
0.122339451114109,0.000145641062075332,588.550448116079
-0.0548088747839661,0.000155838400208937,359.962484499376
0.197513107432547,0.000390906552439208,312.097025308224
0.00935709060442256,0.000217176737072464,534.650221152472
-0.0910506721552272,0.000114664564158801,494.072722975406
-0.0206473820937889,0.000224204549829848,414.379700172912
0.238046550715966,0.000568152491522691,462.039223336086
0.419544325545819,5.95596113604159e-05,900.921651285702
-0.0988326152948402,0.000358519422902864,493.931660183929
-0.126182950601511,0.00118662755738592,282.125161815124
-0.238236704497612,0.000435881492188639,391.720309826032
0.0179697731279882,0.000203415363344031,380.524404162975
0.195745976801349,0.000810636471801867,288.720904116177
0.0490208619025925,0.000994116570367201,105.708347959484
